# ['w_index', 'synchrony', 'N', 'L_left', 'L_right', 'largest eigenvalue', 'alpha_chain', 'alpha_chain_hat', 'alpha_conv', 'alpha_conv_hat', 'alpha_div', 'alpha_div_hat', 'alpha_recip', 'alpha_recip_hat', 'p_AVG', 'p_hat']
0.000000000000000000e+00,3.219345550834958214e+00,3.000000000000000000e+03,9.000000000000000000e+01,9.000000000000000000e+01,5.289383404309702286e+01,-1.858177190217225050e-02,2.608425700340033515e-02,2.145568099117258487e-01,2.731904290643838440e-01,1.808290128214931625e-01,2.350271804275547716e-01,1.646440511781974148e-01,7.949769387033096990e+00,1.666666666666666644e-02,1.696687784817161107e-02
1.000000000000000000e+00,4.436111416972956967e+00,3.000000000000000000e+03,9.000000000000000000e+01,9.000000000000000000e+01,5.584682196707004920e+01,7.965365027773158024e-02,1.243235122761234823e-01,1.616450202010070725e-01,2.325172045083216954e-01,1.257583543209884469e-01,1.839218638959776442e-01,1.190302422692009754e-01,8.990733994819017028e+00,1.666666666666666644e-02,1.651494942758697376e-02
2.000000000000000000e+00,4.523917920586644215e+00,3.000000000000000000e+03,9.000000000000000000e+01,9.000000000000000000e+01,4.731552360793926937e+01,-9.527432516720624189e-02,-5.043395455666743743e-02,7.777869548367399855e-03,6.091748985898703950e-02,1.648987433636127375e-01,2.183947876902123664e-01,1.307984706426011112e-01,6.991795114938681444e+00,1.666666666666666644e-02,1.655496276536623165e-02
3.000000000000000000e+00,3.496283625906057679e+00,3.000000000000000000e+03,9.000000000000000000e+01,9.000000000000000000e+01,5.163027582503837465e+01,-4.242067636163593392e-02,3.482520363616625758e-03,2.124443467854314482e-01,2.559565776711725249e-01,8.727142167388329819e-02,1.370659383028616229e-01,1.652393707723726346e-01,7.652791708401696980e+00,1.666666666666666644e-02,1.709103034344781544e-02
4.000000000000000000e+00,4.066321220043091600e+00,3.000000000000000000e+03,9.000000000000000000e+01,9.000000000000000000e+01,5.595426927051129695e+01,1.003711955720552051e-01,1.390962738267069732e-01,1.641696747527166822e-01,2.193606059612012160e-01,2.918053079894653012e-01,3.553909198598221852e-01,2.901089517041030019e-01,9.462152262451210660e+00,1.666666666666666644e-02,1.619706568856285264e-02
5.000000000000000000e+00,2.608884957907243063e+00,3.000000000000000000e+03,9.000000000000000000e+01,9.000000000000000000e+01,5.112272622329827954e+01,-3.710740848893978594e-02,5.330793794135146868e-03,1.835231588707937067e-01,2.339892150396805093e-01,2.297723569440946467e-01,2.867474814659842774e-01,1.465233566384487318e-01,7.630618765889769506e+00,1.666666666666666644e-02,1.669856618872957513e-02
6.000000000000000000e+00,9.042165446195545853e-01,3.000000000000000000e+03,9.000000000000000000e+01,9.000000000000000000e+01,4.674301900116685715e+01,-1.068348000103420126e-01,-5.927510039886785265e-02,1.785156192618720661e-01,2.382285571199582730e-01,1.589452086578464762e-01,2.212861266752383926e-01,3.229700398079038415e-02,6.725299201652526371e+00,1.666666666666666644e-02,1.636489941091474887e-02
7.000000000000000000e+00,3.175112163881900429e+00,3.000000000000000000e+03,9.000000000000000000e+01,9.000000000000000000e+01,5.720026463480447632e+01,1.064256244816588204e-01,1.481749756771078008e-01,2.339756376720343867e-01,2.845464841458626992e-01,1.315227694322680385e-01,1.835275328489693880e-01,2.289248681218715095e-02,9.062963924970953045e+00,1.666666666666666644e-02,1.635322885406246401e-02
8.000000000000000000e+00,8.799054179037075762e-01,3.000000000000000000e+03,9.000000000000000000e+01,9.000000000000000000e+01,5.066826801287537307e+01,-2.840101591108074031e-02,1.315370837745466481e-02,2.905621988462795957e-01,3.611065367210291033e-01,2.607583620641759636e-01,3.231775528221383365e-01,2.620288208375448624e-01,7.925649749900536278e+00,1.666666666666666644e-02,1.624797154607091412e-02
9.000000000000000000e+00,4.966774001363322810e+00,3.000000000000000000e+03,9.000000000000000000e+01,9.000000000000000000e+01,5.117925789450163165e+01,9.318708985864287975e-04,4.016882427695911417e-02,1.162451274969594772e-02,6.624851380569518611e-02,2.097322174196283029e-01,2.595534399167829243e-01,2.852892094880149498e-01,8.315193762930530141e+00,1.666666666666666644e-02,1.626953428920751427e-02
1.000000000000000000e+01,4.029683107516599527e+00,3.000000000000000000e+03,9.000000000000000000e+01,9.000000000000000000e+01,5.467672524278222568e+01,2.876824678057166018e-02,6.889309984816249788e-02,1.536576790157329897e-01,2.015602715283133506e-01,2.437862884956340515e-01,2.989831247254408630e-01,1.184479898374335427e-03,8.259389035264836920e+00,1.666666666666666644e-02,1.678981882849838944e-02
1.100000000000000000e+01,2.979880457738512067e+00,3.000000000000000000e+03,9.000000000000000000e+01,9.000000000000000000e+01,5.071756373945029139e+01,-5.883987487608993705e-02,-9.517340878671398663e-03,1.456281294503347090e-01,2.039596686524411950e-01,3.834244377182593859e-03,5.853661526954856420e-02,1.260610813763182181e-01,7.560712503754864144e+00,1.666666666666666644e-02,1.663132155162832040e-02
1.200000000000000000e+01,1.945963038914351628e+00,3.000000000000000000e+03,9.000000000000000000e+01,9.000000000000000000e+01,5.245036466260537367e+01,-2.638242463379164571e-02,1.831105292983958854e-02,2.220149089546214205e-01,2.764311500387757192e-01,7.899450455554039852e-02,1.399879658404685756e-01,4.624885271390170860e-02,7.674576904548558787e+00,1.666666666666666644e-02,1.672146270979215157e-02
1.300000000000000000e+01,4.110699869478044555e+00,3.000000000000000000e+03,9.000000000000000000e+01,9.000000000000000000e+01,6.010432272376574048e+01,1.428685602233925600e-01,1.832210891884487047e-01,1.360347742251936387e-01,1.868908877418737902e-01,1.827127388283833753e-01,2.262867501768011103e-01,2.917803341714679810e-01,1.013397711214136443e+01,1.666666666666666644e-02,1.669967767033455480e-02
1.400000000000000000e+01,-1.000000000000000000e+00,3.000000000000000000e+03,9.000000000000000000e+01,9.000000000000000000e+01,4.190729816360864390e+01,-1.772009025895310008e-01,-1.300359671004217565e-01,2.872811218097672814e-01,3.598354413793871664e-01,1.539350136803661340e-01,2.147055125291637001e-01,9.292077765156123159e-02,5.959578855597959191e+00,1.666666666666666644e-02,1.605901967322440754e-02
1.500000000000000000e+01,-1.000000000000000000e+00,3.000000000000000000e+03,9.000000000000000000e+01,9.000000000000000000e+01,4.320631181081868988e+01,-1.868679485920998473e-01,-1.346020520458314218e-01,1.590000674686275761e-01,2.148416683310481190e-01,9.177567472077480248e-02,1.512877883834775616e-01,8.262027858192358409e-02,6.013039053286557412e+00,1.666666666666666644e-02,1.664632655329554428e-02
1.600000000000000000e+01,2.923905106609281379e+00,3.000000000000000000e+03,9.000000000000000000e+01,9.000000000000000000e+01,4.783605842049846046e+01,-8.722161654423971067e-02,-4.528301813552004784e-02,1.392792264120455148e-01,2.011293960069902020e-01,6.451864311430184629e-02,1.193952553440358333e-01,2.089832142625784595e-01,7.206775490435887832e+00,1.666666666666666644e-02,1.658108258308324881e-02
1.700000000000000000e+01,3.092018441311595200e+00,3.000000000000000000e+03,9.000000000000000000e+01,9.000000000000000000e+01,5.201443874370998799e+01,2.922025627123736591e-03,3.855325881019733281e-02,1.969000565327566343e-01,2.530540214097711793e-01,1.912562688130907407e-01,2.467182046253801886e-01,2.360956379999739896e-01,8.325128152851899443e+00,1.666666666666666644e-02,1.644236967878181729e-02
1.800000000000000000e+01,-1.000000000000000000e+00,3.000000000000000000e+03,9.000000000000000000e+01,9.000000000000000000e+01,3.937785285673926694e+01,-2.727118422399259501e-01,-1.986318742714953123e-01,1.516360121204528566e-01,2.025811488504714042e-01,2.635804412764655713e-01,3.054739160391646280e-01,1.951122725218774889e-01,5.425661226975805107e+00,1.666666666666666644e-02,1.650983661220406865e-02
1.900000000000000000e+01,2.545475310186406048e+00,3.000000000000000000e+03,9.000000000000000000e+01,9.000000000000000000e+01,5.179141378060902667e+01,-1.568079754100432099e-02,2.602474545529243066e-02,1.906982204390557656e-01,2.559886832556723668e-01,6.477697681415409137e-02,1.198364276576548981e-01,2.948225743632642004e-01,8.092489086608678051e+00,1.666666666666666644e-02,1.650539068578414995e-02
2.000000000000000000e+01,2.142512976944090486e+00,3.000000000000000000e+03,9.000000000000000000e+01,9.000000000000000000e+01,6.120005953526170828e+01,1.710862341153787103e-01,2.064925331153955046e-01,2.693141183728253729e-01,3.406030797513417419e-01,2.674592188424124162e-01,3.098201459533682645e-01,1.764392403231822559e-01,1.025656890225585727e+01,1.666666666666666644e-02,1.675469600978103657e-02
2.100000000000000000e+01,1.396122402146026675e-01,3.000000000000000000e+03,9.000000000000000000e+01,9.000000000000000000e+01,4.538584173242518460e+01,-1.310249775369094483e-01,-7.324442485028637151e-02,2.911455376047472621e-01,3.523672137214728384e-01,2.277907658356658205e-01,2.705880064829000453e-01,2.276831506536342864e-01,6.953780656800555349e+00,1.666666666666666644e-02,1.607780371234856023e-02
2.200000000000000000e+01,4.303302269743111808e+00,3.000000000000000000e+03,9.000000000000000000e+01,9.000000000000000000e+01,5.854105440889286882e+01,8.372894531471725132e-02,1.330112074831120150e-01,1.016591881811101106e-01,1.584111293746550686e-01,8.115984998934934469e-02,1.349449804941758035e-01,5.134846608350198544e-02,9.054225974607708949e+00,1.666666666666666644e-02,1.711848393909080890e-02
2.300000000000000000e+01,-1.000000000000000000e+00,3.000000000000000000e+03,9.000000000000000000e+01,9.000000000000000000e+01,4.333106691762344553e+01,-2.023229092230211523e-01,-1.414348628821450182e-01,2.840887811444442468e-01,3.522420236653862613e-01,2.296379278190720519e-01,2.678188091477688992e-01,1.551893651539767716e-01,5.839415297550370809e+00,1.666666666666666644e-02,1.666333222185172741e-02
2.400000000000000000e+01,-1.000000000000000000e+00,3.000000000000000000e+03,9.000000000000000000e+01,9.000000000000000000e+01,4.080152072023035714e+01,-2.459528901520037780e-01,-1.779191859209117155e-01,2.098536149848728161e-01,2.546974888315203245e-01,2.999601877871637678e-01,3.830751354918009444e-01,2.880051910007755400e-01,5.796574168647870451e+00,1.666666666666666644e-02,1.655651883961320459e-02
2.500000000000000000e+01,3.984697268939267900e+00,3.000000000000000000e+03,9.000000000000000000e+01,9.000000000000000000e+01,4.888614882722750110e+01,-9.367225823824476549e-02,-4.598238557389588976e-02,3.521266414041466369e-02,8.430481057281080659e-02,2.054906233122404946e-01,2.662831165818801971e-01,1.233300383775339515e-01,6.985405480000700607e+00,1.666666666666666644e-02,1.693720128931866173e-02
2.600000000000000000e+01,4.037229668598298460e+00,3.000000000000000000e+03,9.000000000000000000e+01,9.000000000000000000e+01,6.030341242630147036e+01,1.524545153196017466e-01,1.863452338334103953e-01,1.558174437915902100e-01,2.004116836421654391e-01,2.304892984613920170e-01,2.798579750705796343e-01,9.238048578749125106e-02,9.810136428352723925e+00,1.666666666666666644e-02,1.660909191952873037e-02
2.700000000000000000e+01,3.093117527952907064e+00,3.000000000000000000e+03,9.000000000000000000e+01,9.000000000000000000e+01,6.338943621491102220e+01,2.076022399158149456e-01,2.353659593318464527e-01,2.443751221483657643e-01,2.895194532383362773e-01,2.206191870599038818e-01,2.573317656720033320e-01,1.277164231556687235e-01,1.044825541660508961e+01,1.666666666666666644e-02,1.716850061131488386e-02
2.800000000000000000e+01,5.099332234213110882e-01,3.000000000000000000e+03,9.000000000000000000e+01,9.000000000000000000e+01,4.552001921226806047e+01,-1.216853419099180322e-01,-7.484270973100970448e-02,1.683718806982923422e-01,2.271043392198541788e-01,3.749012760277228157e-02,8.971986911057538983e-02,2.187041226867357246e-01,6.969896423687787390e+00,1.666666666666666644e-02,1.632421918417250109e-02
2.900000000000000000e+01,2.988488631813613683e+00,3.000000000000000000e+03,9.000000000000000000e+01,9.000000000000000000e+01,5.973766169238651713e+01,1.042160847883170094e-01,1.373259458633842023e-01,2.199431169960052168e-01,2.617312846940755833e-01,7.259592741116552284e-02,1.141086830077149283e-01,2.304599933426946523e-01,9.413445935952156063e+00,1.666666666666666644e-02,1.735100589085250555e-02
3.000000000000000000e+01,-1.000000000000000000e+00,3.000000000000000000e+03,9.000000000000000000e+01,9.000000000000000000e+01,4.070171557892072656e+01,-2.354594730760481147e-01,-1.682729233632388466e-01,1.039985521139296931e-01,1.553098316040064653e-01,2.975252976880822797e-01,3.466837061721370628e-01,2.887823441022955850e-01,5.917736341103507769e+00,1.666666666666666644e-02,1.636578859619873191e-02
3.100000000000000000e+01,6.166263756359934289e-01,3.000000000000000000e+03,9.000000000000000000e+01,9.000000000000000000e+01,4.595733728451839539e+01,-1.323247127315807514e-01,-8.197474827872264225e-02,1.630604068461938283e-01,2.279971492426060564e-01,2.681991495542039930e-02,7.865570134018362580e-02,2.259981670189714631e-02,6.503102124091252101e+00,1.666666666666666644e-02,1.666244303656774436e-02
3.200000000000000000e+01,8.340333202996134954e-02,3.000000000000000000e+03,9.000000000000000000e+01,9.000000000000000000e+01,4.446751173878228514e+01,-1.583696296862497077e-01,-1.069819255865529506e-01,1.789660308369824815e-01,2.456878607890000676e-01,2.753524043886062048e-02,7.715323810678187400e-02,1.827327506973927818e-01,6.295764726577173676e+00,1.666666666666666644e-02,1.650439035233966859e-02
3.300000000000000000e+01,-1.000000000000000000e+00,3.000000000000000000e+03,9.000000000000000000e+01,9.000000000000000000e+01,4.175053049117826731e+01,-2.177902163791701207e-01,-1.569658061462931853e-01,1.349926263152386452e-01,1.758249837862309040e-01,1.232822408989622254e-01,1.698446528536374789e-01,7.455303823131897989e-02,5.637518881741590882e+00,1.666666666666666644e-02,1.661420473491163549e-02
3.400000000000000000e+01,2.690262094449579866e+00,3.000000000000000000e+03,9.000000000000000000e+01,9.000000000000000000e+01,5.443812074798922396e+01,4.302488053913405830e-02,7.965410422538887758e-02,2.340301381574024786e-01,2.850626037232013577e-01,2.781112660023999858e-02,7.816730225215984262e-02,1.156850426442289533e-02,8.429674794530093607e+00,1.666666666666666644e-02,1.642792041791708499e-02
3.500000000000000000e+01,-1.000000000000000000e+00,3.000000000000000000e+03,9.000000000000000000e+01,9.000000000000000000e+01,4.177207043428830247e+01,-2.443297684199606246e-01,-1.651669446315600087e-01,2.966174506233484331e-01,3.486078803966004003e-01,2.250252694115895680e-01,2.611553510469533101e-01,5.576445087633867537e-02,5.574543541860811580e+00,1.666666666666666644e-02,1.672090696898966347e-02
3.600000000000000000e+01,-1.000000000000000000e+00,3.000000000000000000e+03,9.000000000000000000e+01,9.000000000000000000e+01,3.890839588422714712e+01,-2.997785865952786732e-01,-2.202270938382151488e-01,1.804842637110639914e-01,2.254324512689818150e-01,2.856542002218040999e-01,3.366639955875476709e-01,2.185521574787176735e-01,5.102710065692938279e+00,1.666666666666666644e-02,1.676381015894187060e-02
3.700000000000000000e+01,3.978129118563108690e+00,3.000000000000000000e+03,9.000000000000000000e+01,9.000000000000000000e+01,5.282218148204803754e+01,7.326413815994359258e-03,5.131389636306793456e-02,1.392294522913222754e-01,2.059850114444992109e-01,5.783850868714728033e-02,1.142864618275709621e-01,2.833489808571920676e-01,8.470198058609112124e+00,1.666666666666666644e-02,1.655729687673668932e-02
3.800000000000000000e+01,3.038547225706981880e+00,3.000000000000000000e+03,9.000000000000000000e+01,9.000000000000000000e+01,5.738516027149611887e+01,9.197742552751053680e-02,1.334366882065380899e-01,2.579123539771857043e-01,3.151927750206282575e-01,2.832598907422260170e-01,3.525180648253032345e-01,1.154319358550231212e-01,9.214874596830574305e+00,1.666666666666666644e-02,1.674135823052128394e-02
3.900000000000000000e+01,-1.000000000000000000e+00,3.000000000000000000e+03,9.000000000000000000e+01,9.000000000000000000e+01,3.759840998766836861e+01,-3.145650932188592264e-01,-2.348737381533493318e-01,2.393697063847815554e-01,2.970508867347598780e-01,2.461205639695143721e-01,2.906630057567900494e-01,1.640667468436064202e-01,4.860435420766179959e+00,1.666666666666666644e-02,1.672902078470601267e-02
4.000000000000000000e+01,4.291710004149073221e+00,3.000000000000000000e+03,9.000000000000000000e+01,9.000000000000000000e+01,5.564631874618489604e+01,3.666854901928062738e-02,7.325536674874144616e-02,9.117369160222965618e-02,1.448768393180011049e-01,1.579198572891436225e-01,2.038339159986015670e-01,1.351051760901813281e-01,8.485457753376673296e+00,1.666666666666666644e-02,1.716549961098143978e-02
4.100000000000000000e+01,3.489849214408356826e+00,3.000000000000000000e+03,9.000000000000000000e+01,9.000000000000000000e+01,5.886508011488240300e+01,6.796100208224198358e-02,1.133780317949191208e-01,1.811597066846439286e-01,2.373865561458274875e-01,5.727919883392174061e-02,1.121628341351648128e-01,3.492711094995937932e-02,8.668847523192004800e+00,1.666666666666666644e-02,1.707546960097810346e-02
4.200000000000000000e+01,2.914366736987802575e+00,3.000000000000000000e+03,9.000000000000000000e+01,9.000000000000000000e+01,5.349927756506826881e+01,1.906093893792559779e-02,5.354183830367964525e-02,2.852142919229748164e-01,3.232264245947369385e-01,2.195981825434215329e-01,2.757116862578126160e-01,1.123620356542087417e-01,8.341420643655970579e+00,1.666666666666666644e-02,1.658086028676225565e-02
4.300000000000000000e+01,1.704834919570221041e+00,3.000000000000000000e+03,9.000000000000000000e+01,9.000000000000000000e+01,5.154681107153943032e+01,-2.118645140161740104e-02,1.586593584398743317e-02,2.577412472845793112e-01,3.069728935371460743e-01,1.998270639294077167e-01,2.509986530836563201e-01,9.814171674334193352e-02,7.670564382068544518e+00,1.666666666666666644e-02,1.657674780482383189e-02
4.400000000000000000e+01,2.683242780193280996e+00,3.000000000000000000e+03,9.000000000000000000e+01,9.000000000000000000e+01,4.491350560784184154e+01,-1.476494146206000502e-01,-8.911464450777684121e-02,3.143883131096092409e-02,8.330126791122127727e-02,2.233921445038553333e-01,2.687272696866769284e-01,2.504526445996947959e-01,6.792499880614989216e+00,1.666666666666666644e-02,1.639802156274313555e-02
4.500000000000000000e+01,2.785823238582437522e+00,3.000000000000000000e+03,9.000000000000000000e+01,9.000000000000000000e+01,5.373292034512841298e+01,5.507169476128676022e-02,9.027428734550779765e-02,1.882175048113277904e-01,2.514911671687862782e-01,2.568546145786873014e-01,3.059713970704751596e-01,3.478521344938333149e-02,8.644222090469126485e+00,1.666666666666666644e-02,1.618872957652550681e-02
4.600000000000000000e+01,9.282302586845497805e-01,3.000000000000000000e+03,9.000000000000000000e+01,9.000000000000000000e+01,4.823356094697108176e+01,-9.139295759913690365e-02,-3.957827408516578771e-02,2.811712072465192280e-01,3.365763202805043264e-01,1.285963450567917388e-02,6.818080893802447306e-02,9.392308068950394606e-02,6.939836404549925675e+00,1.666666666666666644e-02,1.659386462154051334e-02
4.700000000000000000e+01,1.434409936268158936e-01,3.000000000000000000e+03,9.000000000000000000e+01,9.000000000000000000e+01,4.620373313052290598e+01,-1.539725358751090345e-01,-8.808768372919728584e-02,2.923449283309370039e-01,3.269240707423661796e-01,2.186203900503318753e-01,2.637924860078160183e-01,3.404654156809485549e-02,6.493702034372292431e+00,1.666666666666666644e-02,1.661942869845503892e-02
4.800000000000000000e+01,-1.000000000000000000e+00,3.000000000000000000e+03,9.000000000000000000e+01,9.000000000000000000e+01,4.372326152261089049e+01,-1.907165357787295179e-01,-1.303877281642757957e-01,2.674719801540775266e-01,3.152183560402630480e-01,8.545835024217549036e-02,1.340803999683533032e-01,5.247081279345788482e-03,5.907751939525473617e+00,1.666666666666666644e-02,1.670445704123596845e-02
4.900000000000000000e+01,-1.000000000000000000e+00,3.000000000000000000e+03,9.000000000000000000e+01,9.000000000000000000e+01,4.047252371804702165e+01,-2.527033148092639459e-01,-1.792804457779576532e-01,1.700653978499016838e-01,2.060919991972753884e-01,1.640897640729095108e-01,2.048277917179306407e-01,2.049830279924960696e-01,5.628415556051753477e+00,1.666666666666666644e-02,1.657307991552739793e-02
5.000000000000000000e+01,3.012253169154024857e+00,3.000000000000000000e+03,9.000000000000000000e+01,9.000000000000000000e+01,4.643899429496257625e+01,-1.225690631940561937e-01,-7.086020513564406098e-02,6.842493133480086198e-02,1.216650500452942651e-01,7.664217712716339670e-02,1.253583013970480664e-01,1.483804936614064318e-01,6.859860010598890057e+00,1.666666666666666644e-02,1.662031788373902544e-02
5.100000000000000000e+01,2.819085136488302390e-01,3.000000000000000000e+03,9.000000000000000000e+01,9.000000000000000000e+01,4.706535046946329715e+01,-1.284189263040663720e-01,-7.357790372939199131e-02,2.848013419950015113e-01,3.466147387257096923e-01,4.730105063212917960e-02,9.898303079196590915e-02,8.526389962208684448e-02,6.630652517983654626e+00,1.666666666666666644e-02,1.673457819273091104e-02
5.200000000000000000e+01,3.740183442461638919e+00,3.000000000000000000e+03,9.000000000000000000e+01,9.000000000000000000e+01,6.005109274928706498e+01,1.353298637884748912e-01,1.721406555256002058e-01,1.563382950813671513e-01,1.919674443269443476e-01,1.909660034506643345e-01,2.536030823647272836e-01,2.941288122645220326e-01,9.946332484943329888e+00,1.666666666666666644e-02,1.704357007891519477e-02
5.300000000000000000e+01,9.511322425267887404e-01,3.000000000000000000e+03,9.000000000000000000e+01,9.000000000000000000e+01,4.679162372041251672e+01,-1.534775604156268236e-01,-9.569591520635700732e-02,1.683496620795102428e-01,2.054443545645703306e-01,1.364626207217258524e-01,1.803965670313398828e-01,2.539987221630401470e-01,6.747942249213183530e+00,1.666666666666666644e-02,1.706246526619984577e-02
5.400000000000000000e+01,4.367709901246223936e+00,3.000000000000000000e+03,9.000000000000000000e+01,9.000000000000000000e+01,5.120290386195619448e+01,-3.720209028276666441e-02,7.966356460958667896e-03,1.089718490895256880e-01,1.565151013975665251e-01,5.546300632843551709e-02,1.121859754084171268e-01,1.260548901422321455e-01,7.763040000295887921e+00,1.666666666666666644e-02,1.675914193620095527e-02
5.500000000000000000e+01,-1.000000000000000000e+00,3.000000000000000000e+03,9.000000000000000000e+01,9.000000000000000000e+01,4.111635663855814471e+01,-2.302341089513551542e-01,-1.654590210506665660e-01,2.914967759969362415e-01,3.584282582612117185e-01,1.451579941390938322e-01,1.975148311320298333e-01,2.793248600155739947e-02,5.432854368185507710e+00,1.666666666666666644e-02,1.651839502056241110e-02
5.600000000000000000e+01,7.695122989183905693e-01,3.000000000000000000e+03,9.000000000000000000e+01,9.000000000000000000e+01,4.752589655750686859e+01,-7.897207239765036135e-02,-4.299334110368413508e-02,2.440097859546181414e-01,2.954418836235395140e-01,7.435486605337830734e-02,1.339704911013090971e-01,1.063339393923070780e-01,7.046031146953222191e+00,1.666666666666666644e-02,1.635189507613649118e-02
5.700000000000000000e+01,3.777400928462051333e-01,3.000000000000000000e+03,9.000000000000000000e+01,9.000000000000000000e+01,4.373138867624190596e+01,-1.824521110079391217e-01,-1.313421698624105405e-01,6.914312986551840456e-02,1.237978580768355208e-01,1.233183211916738103e-01,1.722653411823920067e-01,2.620489287065251929e-02,5.940277586527426656e+00,1.666666666666666644e-02,1.679926642214071494e-02
5.800000000000000000e+01,2.839315216882922321e+00,3.000000000000000000e+03,9.000000000000000000e+01,9.000000000000000000e+01,4.585488599632862616e+01,-1.375866834463456145e-01,-8.381019921935672912e-02,8.689020173218757470e-02,1.330972016736122754e-01,9.264133763652743214e-02,1.423648398243899660e-01,1.715284746983162523e-01,6.747776077658369509e+00,1.666666666666666644e-02,1.662487495831943898e-02
5.900000000000000000e+01,4.261662221322071176e+00,3.000000000000000000e+03,9.000000000000000000e+01,9.000000000000000000e+01,5.295507486132651565e+01,-5.213711629180606266e-03,4.005589045461488418e-02,8.458193005887383598e-02,1.524825703072487659e-01,7.688416734300164423e-02,1.318047664819876896e-01,1.720721051812882929e-01,8.131725713239674747e+00,1.666666666666666644e-02,1.669523174391463957e-02
